      3 8838
      2 8629
      1 8609
      3 8419
      2 8324
      3 8238
      1 8123
      1 8108
      2 8098
     10 8088
      1 7800
      1 7511
      1 7505
      2 7447
      2 7402
      5 7367
      3 7302
      2 7278
      1 7226
      4 7190
      2 7178
      1 7078
      3 7067
      1 7059
      1 6848
      2 6818
      2 6529
      4 6415
      2 6385
      3 6272
      4 6209
      1 6064
      2 5750
      1 5703
      1 5678
      1 5393
      2 5339
      1 5322
      1 5104
      3 5022
      3 4680
      1 4640
      4 4406
      3 4297
      1 4267
      3 4195
      1 4160
      1 4051
      2 4018
      4 3983
      2 3879
      2 3664
      3 3526
      1 3486
      1 2952
      1 2911
      7 2836
      3 2436
      2 2416
      3 2289
      2 2196
      3 2136
      2 2092
      2 1970
      2 1963
      1 1841
      2 1502
      3 1263
      3 1246
      1 1116
      2 1088
      1 887
      2 831
      1 730
      1 696
      2 669
      2 587
      1 460
      2 405
      1 374
      1 200
      1 125
      2 118
      1 87
      2 78
      1 40
